8 25 27 33 46 60 68 76 90 155 158 177 234 279 345 348 366 369 465 536 583 590 892 933 1002 1002 1113 1132 1139 1191 1227 1270 1285 1294 1340 1379 1409 1425 1525 1537 1538 1583 1717 1747 1767 1814 1815 1885 1992 2046 2074 2095 2101 2167 2342 2343 2363 2453 2475 2886 3020 3171 3355 3433 3460 3487 3496 3759 3907 4255 4272 4330 4409 4436 4759 5551 5790 5867 6002 6062 6119 6274 6289 6423 6467 6473 6503 6586 6607 6657 6829 7046 7138 7207 7492 7565 7765 7794 7860 7937 7964 7979 8188 8283 8300 8341 8389 8479 8514 8597 8630 8917 8953 8977 9016 9183 9190 9205 9207 9278 9287 9334 9394 9428 9482 9482 9493 9515 9572 9625 9693 9712 9755 9759 9773 9779 9792 9797 9813 9835 9836 9837 9851 9853 9859 9872 9895 9899 9900 9902 9910 9910 9922 9955 9956 9962 9979 9985 9991 9993 
8 25 27 33 46 60 68 76 90 155 158 177 234 279 345 348 366 369 465 536 583 590 892 933 1002 1113 1132 1139 1191 1227 1270 1285 1294 1340 1379 1409 1425 1525 1537 1538 1583 1717 1747 1767 1814 1815 1885 1992 2046 2074 2095 2101 2167 2342 2343 2363 2453 2475 2886 3020 3171 3355 3433 3460 3487 3496 3759 3907 4255 4272 4330 4409 4436 4759 5551 5790 5867 6002 6062 6119 6274 6289 6423 6467 6473 6503 6586 6607 6657 6829 7046 7138 7207 7492 7565 7765 7794 7860 7937 7964 7979 8188 8283 8300 8341 8389 8479 8514 8597 8630 8917 8953 8977 9016 9183 9190 9205 9207 9278 9287 9334 9394 9428 9482 9493 9515 9572 9625 9693 9712 9755 9759 9773 9779 9792 9797 9813 9835 9836 9837 9851 9853 9859 9872 9895 9899 9900 9902 9910 9922 9955 9956 9962 9979 9985 9991 9993 9985 9991 9993 
9993

203 568 630 649 678 750 837 889 947 1090 1108 1312 1320 1329 1330 1358 1415 1416 1437 1482 1487 1542 1546 1582 1756 1898 2305 2327 2411 2724 3059 3160 3623 3697 3968 3995 4019 4335 5307 5780 6061 6300 6470 7387 7473 7953 7967 7974 7980 8010 8040 8081 8088 8163 8176 8463 8521 8524 8526 8643 8715 8719 8724 8763 8838 8898 8946 9043 9138 9220 9230 9284 9454 9734 9750 9759 9825 9881 9885 9912 9928 9961 9980 9981 
203 568 630 649 678 750 837 889 947 1090 1108 1312 1320 1329 1330 1358 1415 1416 1437 1482 1487 1542 1546 1582 1756 1898 2305 2327 2411 2724 3059 3160 3623 3697 3968 3995 4019 4335 5307 5780 6061 6300 6470 7387 7473 7953 7967 7974 7980 8010 8040 8081 8088 8163 8176 8463 8521 8524 8526 8643 8715 8719 8724 8763 8838 8898 8946 9043 9138 9220 9230 9284 9454 9734 9750 9759 9825 9881 9885 9912 9928 9961 9980 9981 
9981

31 69 95 123 146 165 187 192 213 263 292 327 386 408 475 478 506 523 572 577 669 671 685 708 739 804 837 946 965 1007 1074 1098 1115 1201 1203 1237 1305 1316 1332 1385 1426 1441 1484 1655 1664 1677 1678 1690 1724 2003 2020 2078 2212 2245 2426 2438 2443 2582 2597 2654 2700 2728 2914 3135 3261 3292 3353 3658 3687 3787 3802 3917 4032 4086 4113 4249 4346 4401 4494 4870 4913 5072 5129 5411 5681 5686 5785 5797 5803 6049 6221 6275 6315 6337 6454 6567 6612 6646 6689 6938 7068 7181 7181 7185 7423 7583 7639 8018 8052 8056 8136 8212 8264 8279 8280 8286 8402 8431 8616 8621 8926 9003 9049 9059 9078 9085 9179 9211 9226 9254 9304 9305 9511 9511 9568 9573 9574 9602 9621 9674 9694 9715 9748 9749 9805 9844 9894 9956 9960 9968 9972 9977 9981 9986 9990 9995 
31 69 95 123 146 165 187 192 213 263 292 327 386 408 475 478 506 523 572 577 669 671 685 708 739 804 837 946 965 1007 1074 1098 1115 1201 1203 1237 1305 1316 1332 1385 1426 1441 1484 1655 1664 1677 1678 1690 1724 2003 2020 2078 2212 2245 2426 2438 2443 2582 2597 2654 2700 2728 2914 3135 3261 3292 3353 3658 3687 3787 3802 3917 4032 4086 4113 4249 4346 4401 4494 4870 4913 5072 5129 5411 5681 5686 5785 5797 5803 6049 6221 6275 6315 6337 6454 6567 6612 6646 6689 6938 7068 7181 7185 7423 7583 7639 8018 8052 8056 8136 8212 8264 8279 8280 8286 8402 8431 8616 8621 8926 9003 9049 9059 9078 9085 9179 9211 9226 9254 9304 9305 9511 9568 9573 9574 9602 9621 9674 9694 9715 9748 9749 9805 9844 9894 9956 9960 9968 9972 9977 9981 9986 9990 9995 9990 9995 
9995

18 18 19 30 45 52 64 67 73 76 96 107 113 113 130 143 156 159 177 184 185 194 203 208 209 259 278 299 302 306 332 336 336 342 360 484 579 588 590 614 632 721 725 744 777 785 799 816 823 891 933 936 965 987 1014 1248 1298 1345 1449 1606 1828 1993 1999 2019 2184 2192 2223 2368 2385 2442 2481 2541 2580 2620 2630 2645 2735 2739 2743 2757 2848 3026 3039 3223 3261 3336 3535 3543 3575 3616 3620 3632 3730 3850 4194 4380 4447 4498 4551 4723 4778 5085 5185 5898 6154 6163 6291 6864 6949 7011 7233 7274 7289 7344 7355 7446 7514 7671 7752 7840 7857 7869 7912 8096 8128 8233 8240 8366 8382 8383 8394 8395 8496 8710 8729 8880 8893 8897 8922 8967 9002 9071 9092 9356 9369 9372 9427 9432 9454 9474 9484 9488 9496 9504 9505 9539 9542 9594 9617 9643 9677 9695 9710 9722 9727 9731 9738 9738 9741 9763 9782 9795 9826 9832 9837 9839 9847 9850 9904 9911 9932 9933 9952 9957 9973 9975 9980 9980 9981 9981 9985 9988 9991 9994 
18 19 30 45 52 64 67 73 76 96 107 113 130 143 156 159 177 184 185 194 203 208 209 259 278 299 302 306 332 336 342 360 484 579 588 590 614 632 721 725 744 777 785 799 816 823 891 933 936 965 987 1014 1248 1298 1345 1449 1606 1828 1993 1999 2019 2184 2192 2223 2368 2385 2442 2481 2541 2580 2620 2630 2645 2735 2739 2743 2757 2848 3026 3039 3223 3261 3336 3535 3543 3575 3616 3620 3632 3730 3850 4194 4380 4447 4498 4551 4723 4778 5085 5185 5898 6154 6163 6291 6864 6949 7011 7233 7274 7289 7344 7355 7446 7514 7671 7752 7840 7857 7869 7912 8096 8128 8233 8240 8366 8382 8383 8394 8395 8496 8710 8729 8880 8893 8897 8922 8967 9002 9071 9092 9356 9369 9372 9427 9432 9454 9474 9484 9488 9496 9504 9505 9539 9542 9594 9617 9643 9677 9695 9710 9722 9727 9731 9738 9741 9763 9782 9795 9826 9832 9837 9839 9847 9850 9904 9911 9932 9933 9952 9957 9973 9975 9980 9981 9985 9988 9991 9994 9981 9981 9985 9988 9991 9994 
9994

0 1 30 36 61 62 70 71 72 72 75 84 93 107 121 127 133 152 157 161 184 201 221 419 434 478 494 517 526 529 618 620 632 662 670 690 727 745 800 801 864 910 940 965 1048 1059 1238 1249 1252 1451 1468 1560 1571 1654 1698 1724 1804 1908 1929 2301 2358 2426 2472 2520 2536 2561 2582 2859 2948 2952 3224 3344 3425 3510 3577 3646 3671 3786 4469 4557 4678 4788 4874 4897 5019 5090 5306 5373 5400 5731 5895 6036 6221 6406 6488 6644 6726 6757 6847 6968 6973 7114 7135 7193 7239 7286 7325 7355 7386 7438 7467 7487 7521 7536 7575 7592 7726 8007 8043 8271 8331 8370 8388 8675 8770 8827 9105 9166 9197 9228 9268 9303 9452 9460 9482 9485 9532 9536 9538 9553 9591 9609 9624 9650 9667 9692 9724 9724 9757 9761 9767 9788 9790 9794 9805 9807 9818 9833 9845 9864 9866 9883 9911 9911 9922 9927 9937 9941 9944 9948 9952 9958 9964 9969 9972 9973 9981 9983 9984 9986 9992 9994 9994 9994 
0 1 30 36 61 62 70 71 72 75 84 93 107 121 127 133 152 157 161 184 201 221 419 434 478 494 517 526 529 618 620 632 662 670 690 727 745 800 801 864 910 940 965 1048 1059 1238 1249 1252 1451 1468 1560 1571 1654 1698 1724 1804 1908 1929 2301 2358 2426 2472 2520 2536 2561 2582 2859 2948 2952 3224 3344 3425 3510 3577 3646 3671 3786 4469 4557 4678 4788 4874 4897 5019 5090 5306 5373 5400 5731 5895 6036 6221 6406 6488 6644 6726 6757 6847 6968 6973 7114 7135 7193 7239 7286 7325 7355 7386 7438 7467 7487 7521 7536 7575 7592 7726 8007 8043 8271 8331 8370 8388 8675 8770 8827 9105 9166 9197 9228 9268 9303 9452 9460 9482 9485 9532 9536 9538 9553 9591 9609 9624 9650 9667 9692 9724 9757 9761 9767 9788 9790 9794 9805 9807 9818 9833 9845 9864 9866 9883 9911 9922 9927 9937 9941 9944 9948 9952 9958 9964 9969 9972 9973 9981 9983 9984 9986 9992 9994 9986 9992 9994 9994 9994 
9994

14 22 26 39 51 53 61 89 100 102 106 111 121 123 150 158 163 174 184 187 212 270 278 279 318 325 328 330 348 354 365 369 370 374 385 421 435 438 445 470 535 555 572 603 663 676 691 721 767 772 774 804 860 881 950 1146 1212 1250 1250 1269 1399 1448 1456 1470 1492 1588 1692 2221 2224 2307 2490 2518 2664 3158 3205 3221 3476 3536 3569 3654 3825 3855 3863 3950 4287 4604 4623 4893 5096 5324 6113 6142 6319 6447 6687 6791 7007 7102 7160 7321 7357 7400 7404 7423 7489 7571 7669 7688 7743 7860 7984 7987 8014 8016 8166 8195 8273 8332 8363 8368 8395 8536 8551 8637 8702 8762 8935 8962 8999 9006 9029 9061 9120 9198 9207 9220 9230 9278 9382 9387 9494 9525 9530 9530 9534 9542 9548 9556 9564 9569 9609 9610 9632 9648 9661 9663 9687 9692 9725 9726 9735 9744 9762 9772 9773 9774 9800 9802 9802 9809 9843 9844 9847 9854 9887 9900 9934 9940 9945 9946 9968 9975 9976 9977 9981 9982 9983 9989 9991 9992 9993 9993 9996 9997 9998 9999 
14 22 26 39 51 53 61 89 100 102 106 111 121 123 150 158 163 174 184 187 212 270 278 279 318 325 328 330 348 354 365 369 370 374 385 421 435 438 445 470 535 555 572 603 663 676 691 721 767 772 774 804 860 881 950 1146 1212 1250 1269 1399 1448 1456 1470 1492 1588 1692 2221 2224 2307 2490 2518 2664 3158 3205 3221 3476 3536 3569 3654 3825 3855 3863 3950 4287 4604 4623 4893 5096 5324 6113 6142 6319 6447 6687 6791 7007 7102 7160 7321 7357 7400 7404 7423 7489 7571 7669 7688 7743 7860 7984 7987 8014 8016 8166 8195 8273 8332 8363 8368 8395 8536 8551 8637 8702 8762 8935 8962 8999 9006 9029 9061 9120 9198 9207 9220 9230 9278 9382 9387 9494 9525 9530 9534 9542 9548 9556 9564 9569 9609 9610 9632 9648 9661 9663 9687 9692 9725 9726 9735 9744 9762 9772 9773 9774 9800 9802 9809 9843 9844 9847 9854 9887 9900 9934 9940 9945 9946 9968 9975 9976 9977 9981 9982 9983 9989 9991 9992 9993 9996 9997 9998 9999 9996 9997 9998 9999 
9999

5 15 22 44 45 46 49 53 114 250 278 301 341 483 864 934 939 956 1004 1007 1038 1110 1134 1150 1152 1187 1228 1244 1285 1320 1324 1335 1374 1394 1409 1410 1442 1452 1458 1488 1535 1606 1686 1727 1770 1782 1833 1898 1920 1965 2048 2058 2104 2200 2245 2246 2256 2280 2329 2339 2362 2522 2541 2654 2844 3171 3189 3316 3426 3506 3737 3839 4076 4594 4811 5057 5605 5692 5776 5942 6171 6229 6260 6596 6753 6817 7249 7506 8049 8113 8131 8411 8489 8620 8670 8748 9644 9730 9892 9935 9940 9953 9955 9965 9965 9970 9972 9975 9980 9987 9988 9990 9997 9998 
5 15 22 44 45 46 49 53 114 250 278 301 341 483 864 934 939 956 1004 1007 1038 1110 1134 1150 1152 1187 1228 1244 1285 1320 1324 1335 1374 1394 1409 1410 1442 1452 1458 1488 1535 1606 1686 1727 1770 1782 1833 1898 1920 1965 2048 2058 2104 2200 2245 2246 2256 2280 2329 2339 2362 2522 2541 2654 2844 3171 3189 3316 3426 3506 3737 3839 4076 4594 4811 5057 5605 5692 5776 5942 6171 6229 6260 6596 6753 6817 7249 7506 8049 8113 8131 8411 8489 8620 8670 8748 9644 9730 9892 9935 9940 9953 9955 9965 9970 9972 9975 9980 9987 9988 9990 9997 9998 9998 
9998

69 111 195 201 205 217 223 319 332 333 342 349 350 376 397 427 480 515 543 552 600 600 603 612 651 680 771 784 806 921 928 951 1003 1008 1013 1140 1222 1231 1255 1311 1317 1352 1368 1454 1456 1594 1610 1617 1758 1837 1886 1921 2062 2231 2257 2369 2373 2385 2770 3020 3187 3365 3445 3472 3633 3653 3861 3998 4156 4158 4174 4217 4277 4510 4701 4956 5098 5470 5546 6025 6072 6331 6653 6662 6911 7049 7066 7229 7253 7305 7390 7394 7712 7804 7858 7881 7890 8557 8568 8569 8607 8701 8729 8803 8960 9245 9358 9392 9434 9439 9569 9570 9613 9633 9727 9755 9766 9787 9806 9808 9851 9861 9868 9898 9901 9907 9918 9919 9928 9930 9931 9942 9946 9959 9973 9993 
69 111 195 201 205 217 223 319 332 333 342 349 350 376 397 427 480 515 543 552 600 603 612 651 680 771 784 806 921 928 951 1003 1008 1013 1140 1222 1231 1255 1311 1317 1352 1368 1454 1456 1594 1610 1617 1758 1837 1886 1921 2062 2231 2257 2369 2373 2385 2770 3020 3187 3365 3445 3472 3633 3653 3861 3998 4156 4158 4174 4217 4277 4510 4701 4956 5098 5470 5546 6025 6072 6331 6653 6662 6911 7049 7066 7229 7253 7305 7390 7394 7712 7804 7858 7881 7890 8557 8568 8569 8607 8701 8729 8803 8960 9245 9358 9392 9434 9439 9569 9570 9613 9633 9727 9755 9766 9787 9806 9808 9851 9861 9868 9898 9901 9907 9918 9919 9928 9930 9931 9942 9946 9959 9973 9993 9993 
9993
